2
6
3
9
47
38
87
45
32
95
9
9
60
59
6
40
9
9
9
67
4
9
5
9
77
9
9
66
51
54
41
9
66
62
46
54
33
49
9
2
40
72
9
36
34
1
9
9
9
9
1
8
52
9
9
6
9
9
9
9
6
9
9
9
9
9
9
2
60
7
3
34
9
9
42
87
4
63
46
9
24
52
9
58
9
63
7
98
9
34
5
47
32
9
7
9
27
70
9
55
87
9
54
44
52
9
55
86
21
48
54
9
47
9
9
9
7
3
7
9
73
99
9
45
58
9
9
9
9
9
9
30
55
99
9
9
9
9
99
6
9
9
58
35
9
9
7
9
9
9
49
9
9
4
9
9
9
9
60
74
9
9
41
9
76
9
6
9
74
9
9
40
50
45
9
24
50
64
38
42
42
49
9
30
55
4
33
40
30
9
55
73
50
34
29
9
58
99
41
9
55
9
9
28
9
45
56
48
51
50
9
9
8
99
9
32
2
9
40
9
9
9
9
32
87
50
46
9
28
77
9
63
28
6
9
86
47
9
99
90
9
76
9
1
9
82
9
9
9
99
38
38
48
86
9
35
9
42
29
9
9
9
9
5
9
9
4
99
81
40
30
9
32
32
65
50
9
9
39
21
9
9
9
9
9
9
57
47
9
29
48
47
65
99
75
74
43
9
29
9
9
9
37
9
9
29
63
9
9
9
6
33
9
9
31
9
2
99
50
46
9
59
99
66
9
9
44
5
9
65
9
49
4
9
9
42
63
9
46
9
9
6
9
7
9
34
39
70
7
61
99
9
9
64
9
53
9
9
9
9
37
9
9
9
38
9
30
4
9
9
23
9
9
6
9
66
9
77
9
9
43
9
66
9
1
59
9
9
72
36
7
5
9
9
9
24
39
9
40
6
99
3
36
42
9
82
9
9
99
99
45
9
9
9
9
45
41
74
61
9
9
9
9
52
99
99
9
32
41
9
8
55
9
4
90
9
4
38
9
9
9
37
52
9
9
9
65
9
61
36
32
9
9
58
41
65
9
9
9
9
7
9
4
9
9
28
9
46
5
9
9
9
9
29
9
43
59
33
9
78
39
4
30
9
9
24
9
9
9
9
35
9
48
41
9
9
9
24
8
9
9
99
41
9
9
43
9
9
46
9
41
43
47
57
39
32
86
9
57
9
24
9
62
9
9
67
9
9
9
55
9
90
9
9
25
8
7
9
40
30
9
42
9
9
9
1
59
9
9
9
9
68
9
31
81
52
9
8
23
9
9
4
9
36
9
9
23
9
9
9
9
51
9
55
92
9
5
72
8
82
39
9
7
9
9
9
5
9
52
34
9
9
23
65
9
7
55
9
9
74
99
45
36
9
9
75
9
9
36
98
33
9
9
9
9
97
9
38
9
52
9
31
79
9
9
9
29
79
38
5
9
6
9
9
4
9
33
9
36
3
9
27
9
9
44
9
9
40
9
9
77
81
99
44
31
99
9
9
9
9
9
9
9
9
27
75
99
9
9
47
80
9
43
6
9
37
31
34
51
9
50
9
9
46
9
9
1
1
53
9
9
56
38
9
99
9
9
9
57
28
9
42
9
47
3
8
9
9
4
9
21
9
9
9
45
9
9
52
9
9
9
71
47
9
45
9
32
9
